//            PatLen	     Ratio
               10000	  0.074700
               20000	  0.106900
               30000	  0.010167
               40000	  0.009025
               50000	  0.009260
               60000	  0.007983
               70000	  0.007486
               80000	  0.006950
               90000	  0.010256
              100000	  0.008710
              110000	  0.009000
              120000	  0.028167
              130000	  0.007315
              140000	  0.009836
              150000	  0.006387
              160000	  0.008744
              170000	  0.008953
              180000	  0.008639
              190000	  0.008721
              200000	  0.009175
              210000	  0.013886
              220000	  0.009755
              230000	  0.010143
              240000	  0.010829
              250000	  0.010220
              260000	  0.008585
              270000	  0.010559
              280000	  0.008682
              290000	  0.011200
              300000	  0.009097
              310000	  0.009065
              320000	  0.010603
              330000	  0.009736
              340000	  0.006556
              350000	  0.006417
              360000	  0.010175
              370000	  0.010411
              380000	  0.009813
              390000	  0.008667
              400000	  0.010928
              410000	  0.008854
              420000	  0.008317
              430000	  0.007630
              440000	  0.007125
              450000	  0.010427
              460000	  0.006565
              470000	  0.006826
              480000	  0.009015
              490000	  0.008657
              500000	  0.007280
              510000	  0.007657
              520000	  0.006573
              530000	  0.007434
              540000	  0.009357
              550000	  0.008356
              560000	  0.008470
              570000	  0.007537
              580000	  0.008783
              590000	  0.010434
              600000	  0.008657
              610000	  0.009320
              620000	  0.008185
              630000	  0.009803
              640000	  0.008997
              650000	  0.007063
              660000	  0.007202
              670000	  0.008513
              680000	  0.009124
              690000	  0.007461
              700000	  0.007311
              710000	  0.006472
              720000	  0.006164
              730000	  0.007175
              740000	  0.007193
              750000	  0.009619
              760000	  0.010303
              770000	  0.006894
              780000	  0.006642
              790000	  0.007309
              800000	  0.007602
              810000	  0.009943
              820000	  0.006262
              830000	  0.008349
              840000	  0.007561
              850000	  0.008774
              860000	  0.008465
              870000	  0.007601
              880000	  0.010068
              890000	  0.008417
              900000	  0.008896
              910000	  0.006105
              920000	  0.009211
              930000	  0.006795
              940000	  0.008043
              950000	  0.006189
              960000	  0.009589
              970000	  0.007877
              980000	  0.007799
              990000	  0.006088
             1000000	  0.009875
Ignoring ratios before cross over point: 70000
Sorted ratios are: 
  0.006088,   0.006105,   0.006164,   0.006189,   0.006262, 
  0.006387,   0.006417,   0.006472,   0.006556,   0.006565, 
  0.006573,   0.006642,   0.006795,   0.006826,   0.006894, 
  0.006950,   0.007063,   0.007125,   0.007175,   0.007193, 
  0.007202,   0.007280,   0.007309,   0.007311,   0.007315, 
  0.007434,   0.007461,   0.007486,   0.007537,   0.007561, 
  0.007601,   0.007602,   0.007630,   0.007657,   0.007799, 
  0.007877,   0.007983,   0.008043,   0.008185,   0.008317, 
  0.008349,   0.008356,   0.008417,   0.008465,   0.008470, 
  0.008513,   0.008585,   0.008639,   0.008657,   0.008657, 
  0.008667,   0.008682,   0.008710,   0.008721,   0.008744, 
  0.008774,   0.008783,   0.008854,   0.008896,   0.008953, 
  0.008997,   0.009000,   0.009015,   0.009025,   0.009065, 
  0.009097,   0.009124,   0.009175,   0.009211,   0.009260, 
  0.009320,   0.009357,   0.009589,   0.009619,   0.009736, 
  0.009755,   0.009803,   0.009813,   0.009836,   0.009875, 
  0.009943,   0.010068,   0.010143,   0.010167,   0.010175, 
  0.010220,   0.010256,   0.010303,   0.010411,   0.010427, 
  0.010434,   0.010559,   0.010603
Maximum stable ratio is:   0.010603
Average ratio is:   0.008380
